@1100
FF FF FF FF FF FF FF FF FF FF FF FF FF FF FF FF
80 00 00 00 00 00 00 00 00 00 00 00 00 00 00 01
80 00 00 00 00 00 00 00 00 00 00 00 00 00 00 01
80 00 00 00 00 00 00 00 00 00 00 00 00 00 00 01
80 00 00 00 00 00 00 00 00 00 00 00 00 00 00 01
80 00 00 00 00 00 00 00 00 00 00 00 00 00 00 01
80 00 00 00 00 00 00 00 00 00 00 00 00 00 00 01
80 00 00 00 00 00 00 00 00 00 00 00 00 00 00 01
80 00 00 00 00 00 00 00 00 04 00 00 00 00 38 01
80 00 0C 00 00 00 00 00 00 0C 00 00 00 00 38 01
80 00 0C 00 00 80 0C 10 01 1E 00 00 00 70 78 01
80 00 1D 00 01 80 1C 38 1F 9E 07 FE 00 70 68 01
80 00 1D 81 C7 F0 1E 78 1F BE 07 FF 00 F0 DC 01
80 1F FC 01 E3 F0 1E 78 1C 3C 01 F8 03 F9 98 01
80 1F F8 01 E6 C0 3C F0 38 6C 03 B8 03 F1 B8 01
80 1E 30 01 C6 80 3C F0 3F 68 1B 78 03 BB F0 01
80 1C 30 01 85 80 78 E0 3F 78 1F F0 03 F3 B0 01
80 3F F6 01 8D 80 79 E0 3C 78 0F C0 01 E1 90 01
80 3C FB 0F DD 80 F1 E0 3C F0 0C C0 00 C3 80 01
80 3C FB 07 39 40 F1 F0 3C E0 0C C0 01 E3 80 01
80 38 F2 00 69 61 F3 F0 3C A0 0C C0 03 66 80 01
80 39 F2 00 52 39 B3 30 34 B0 08 80 06 06 80 01
80 10 76 00 10 03 9E 38 11 18 08 80 18 07 80 01
80 00 7C 00 00 03 08 18 00 0C 08 C0 00 0D 00 01
80 00 60 00 00 03 00 0C 00 00 00 40 00 0F 00 01
80 00 60 00 00 02 00 04 00 00 00 20 00 06 00 01
80 00 00 00 00 00 00 00 00 00 00 00 00 00 00 01
80 00 00 00 00 00 00 00 00 00 00 00 00 00 00 01
80 00 00 00 00 00 00 00 00 00 00 00 00 00 00 01
80 00 00 00 00 00 00 00 00 00 00 00 00 00 00 01
80 00 00 00 00 00 00 00 00 00 00 00 00 00 00 01
80 00 00 00 00 00 00 00 00 00 00 00 00 00 00 01
80 00 00 00 00 00 00 00 00 00 00 00 00 00 00 01
80 00 00 00 00 00 00 00 00 00 00 00 00 00 00 01
80 00 00 00 00 00 00 00 00 00 00 00 00 00 00 01
80 00 00 00 00 00 00 00 00 00 00 00 00 00 00 01
80 00 00 00 00 00 00 00 00 00 00 00 00 00 00 01
80 00 00 00 00 00 00 00 00 00 00 00 00 00 00 01
80 00 00 00 00 00 00 00 00 00 00 00 00 00 00 01
80 00 00 00 00 00 00 00 00 00 00 00 00 00 00 01
80 00 00 00 00 00 00 00 00 00 00 00 00 00 00 01
80 00 00 00 00 00 00 00 00 00 00 00 00 00 00 01
80 00 00 00 00 00 00 00 00 00 00 00 00 00 00 01
80 03 5E BD 60 0E 77 EC 78 F1 E0 07 8E 7C 00 01
80 01 52 A5 40 11 22 30 91 12 20 08 91 2A 00 01
80 01 52 A5 40 07 14 20 91 02 00 08 11 2A 00 01
80 01 52 A5 40 09 14 20 61 02 00 08 11 2A 00 01
80 00 A1 42 8C 11 14 20 81 12 26 08 91 2A 00 01
80 00 A1 42 8C 0F 88 F8 F0 E1 C6 07 0E 6B 00 01
80 00 00 00 00 00 00 00 88 00 00 00 00 00 00 01
80 00 00 00 00 00 00 00 70 00 00 00 00 00 00 01
80 00 00 00 00 00 00 00 00 00 00 00 00 00 00 01
80 00 00 00 00 00 00 00 00 00 00 00 00 00 00 01
80 00 00 00 00 00 00 00 00 00 00 00 00 00 00 01
80 00 00 00 00 00 00 00 00 00 00 00 00 00 00 01
80 00 00 00 00 00 00 00 00 00 00 00 00 00 00 01
80 00 00 00 00 00 00 00 00 00 00 00 00 00 00 01
80 00 00 00 00 00 00 00 00 00 00 00 00 00 00 01
80 00 00 00 00 00 00 00 00 00 00 00 00 00 00 01
80 00 00 00 00 00 00 00 00 00 00 00 00 00 00 01
80 00 00 00 00 00 00 00 00 00 00 00 00 00 00 01
80 00 00 00 00 00 00 00 00 00 00 00 00 00 00 01
80 00 00 00 00 00 00 00 00 00 00 00 00 00 00 01
80 00 00 00 00 00 00 00 00 00 00 00 00 00 00 01
FF FF FF FF FF FF FF FF FF FF FF FF FF FF FF FF
00 00 00 00 00 00 00 00 00 00 00 00 00 00 00 00
00 00 00 00 00 00 00 00 00 00 00 00 00 00 00 00
1F FF FF FF FF FF FF FF FF FF FF FF FF FF FF F8
1F FF FF FF FF FF FF FF FF FF FF FF FF FF FF F8
1F FF FF FF FF FF FF FF FF FF FF FF FF FF FF F8
1C 00 00 00 00 00 00 00 00 00 00 00 00 00 00 38
1C 00 00 00 00 00 00 00 00 00 00 00 00 00 00 38
1C 00 00 00 00 00 00 00 00 00 00 00 00 00 00 38
1C 00 00 00 00 00 00 00 00 00 00 00 00 00 00 38
1C 00 00 00 00 00 00 00 00 00 00 00 00 00 00 38
1C 00 00 00 00 00 00 00 00 00 00 00 00 00 00 38
1C 00 00 00 00 00 00 00 00 00 00 00 00 00 00 38
1C 00 00 00 00 00 00 00 00 00 00 00 00 00 00 38
1C 00 00 00 00 00 00 00 00 00 00 00 00 00 00 38
1C 00 00 00 00 00 00 00 00 00 00 00 00 00 00 38
1C 00 00 00 00 00 00 00 00 00 00 00 00 00 00 38
1C 00 00 00 00 00 00 00 00 00 00 00 00 00 00 38
1C 00 06 00 00 00 00 00 00 00 18 00 00 00 00 38
1C 00 06 00 00 0C 00 30 00 00 18 00 00 1F 80 38
1C 00 76 00 00 C6 00 30 0C 00 18 00 07 F3 00 38
1C 07 C6 00 0C C6 00 30 FC 00 18 00 00 06 00 38
1C 07 06 00 0C CC 00 61 8C 03 1F E0 00 0C 00 38
1C 06 0C 00 0C CC 00 CC 18 03 FC C0 00 38 00 38
1C 06 0C E0 0C CC 00 CC 18 03 18 C0 00 30 00 38
1C 06 7F E0 0C CC C1 F8 18 03 18 C0 00 18 F0 38
1C 07 DE C0 0F FF E1 F3 F8 03 FF C0 03 FF 80 38
1C 06 DB 00 7C CC 00 33 00 03 18 C0 1E 18 00 38
1C 06 F6 00 0C CC 00 63 00 03 18 C0 00 18 00 38
1C 06 F6 00 0C CC 00 FF 00 03 1B 80 00 18 00 38
1C 0C C6 00 0C FC 01 E3 00 03 FE 00 00 18 00 38
1C 0C CF 00 0C C0 00 03 03 03 18 00 00 18 00 38
1C 0C CF 00 0C C0 00 0F 03 00 18 30 00 18 00 38
1C 18 D9 80 0C 00 00 7B 03 00 18 30 01 98 00 38
1C 18 D9 80 0C 00 03 C3 03 00 18 30 00 F8 00 38
1C 30 F0 E0 0F FF C0 01 FF 80 0F F8 00 70 00 38
1C 60 E0 30 0C 00 00 00 00 00 00 00 00 30 00 38
1C 00 00 00 00 00 00 00 00 00 00 00 00 00 00 38
1C 00 00 00 00 00 00 00 00 00 00 00 00 00 00 38
1C 00 00 00 00 00 00 00 00 00 00 00 00 00 00 38
1C 00 00 00 00 00 00 00 00 00 00 00 00 00 00 38
1C 00 00 00 00 00 00 00 00 00 00 00 00 00 00 38
1C 00 00 00 00 00 00 00 00 00 00 00 00 00 00 38
1C 00 00 00 00 00 00 00 00 00 00 00 00 00 00 38
1C 00 00 00 00 00 00 00 00 00 00 00 00 00 00 38
1C 00 00 00 00 00 00 00 00 00 00 00 00 00 00 38
1C 00 00 00 00 00 00 00 00 00 00 00 00 00 00 38
1C 00 00 00 00 00 00 00 00 00 00 00 00 00 00 38
1C 00 00 00 00 00 00 00 00 00 00 00 00 00 00 38
1C 00 00 00 00 00 00 00 00 00 00 00 00 00 00 38
1C 00 00 00 00 00 00 00 00 00 00 00 00 00 00 38
1C 00 00 00 00 00 00 00 00 00 00 00 00 00 00 38
1C 00 00 00 00 00 00 00 00 00 00 00 00 00 00 38
1C 00 00 00 00 00 00 00 00 00 00 00 00 00 00 38
1C 00 00 00 00 00 00 00 00 00 00 00 00 00 00 38
1C 00 00 00 00 00 00 00 00 00 00 00 00 00 00 38
1C 00 00 00 00 00 00 00 00 00 00 00 00 00 00 38
1C 00 00 00 00 00 00 00 00 00 00 00 00 00 00 38
1F FF FF FF FF FF FF FF FF FF FF FF FF FF FF F8
1F FF FF FF FF FF FF FF FF FF FF FF FF FF FF F8
1F FF FF FF FF FF FF FF FF FF FF FF FF FF FF F8
00 00 00 00 00 00 00 00 00 00 00 00 00 00 00 00
00 00 00 00 00 00 00 00 00 00 00 00 00 00 00 00
00 00 00 00 00 00 00 00 00 00 00 00 00 00 00 00
00 00 00 00 00 00 00 00 00 00 00 00 00 00 00 00
31 40 00 0A B0 12 1C 19 B0 12 0E 1C B0 12 02 1C
B0 12 4C 1B B0 12 C2 1B 3F 40 29 68 3F 53 FE 2F
B0 12 0C 1B B0 12 F2 1B 3C 40 00 11 B0 12 CA 19
3C 40 10 13 B0 12 74 1A 3F 40 7E 84 3E 40 1E 00
3F 53 3E 63 FD 2F 3F 40 7E 84 3E 40 1E 00 3F 53
3E 63 FD 2F 3F 40 7E 84 3E 40 1E 00 3F 53 3E 63
FD 2F 3F 40 7E 84 3E 40 1E 00 3F 53 3E 63 FD 2F
3C 40 10 15 B0 12 CA 19 3C 40 10 17 B0 12 74 1A
3F 40 7E 84 3E 40 1E 00 3F 53 3E 63 FD 2F 3F 40
7E 84 3E 40 1E 00 3F 53 3E 63 FD 2F 3F 40 7E 84
3E 40 1E 00 3F 53 3E 63 FD 2F 3F 40 7E 84 3E 40
1E 00 3F 53 3E 63 FD 2F B7 3F 0A 12 0B 12 0A 4C
0D 43 29 3C 0E 4D 0E 5E 0E 5E 0E 5E 0E 5E 0F 4B
0F 5F 0E 5F 0F 4A 0F 5E 6C 4F B0 12 76 1B 00 3C
3F 40 83 00 3F 53 FE 2F 0E 4D 0E 5E 0E 5E 0E 5E
0E 5E 0F 4B 0F 5F 0E 5F 0F 4A 0F 5E 5C 4F 01 00
B0 12 76 1B 00 3C 3F 40 83 00 3F 53 FE 2F 1B 53
3B 92 D8 3B 1D 53 3D 90 20 00 21 34 7C 40 36 00
B0 12 9C 1B 00 3C 3F 40 83 00 3F 53 FE 2F 0C 12
C1 4D 00 00 3C 41 7C 50 80 00 B0 12 9C 1B 00 3C
3F 40 83 00 3F 53 FE 2F 7C 40 80 00 B0 12 9C 1B
00 3C 3F 40 83 00 3F 53 FE 2F 0B 43 D9 3F 3B 41
3A 41 30 41 0A 12 0B 12 0A 4C 0D 43 29 3C 0E 4D
0E 5E 0E 5E 0E 5E 0E 5E 0F 4B 0F 5F 0E 5F 0F 4A
0F 5E 6C 4F B0 12 76 1B 00 3C 3F 40 83 00 3F 53
FE 2F 0E 4D 0E 5E 0E 5E 0E 5E 0E 5E 0F 4B 0F 5F
0E 5F 0F 4A 0F 5E 5C 4F 01 00 B0 12 76 1B 00 3C
3F 40 83 00 3F 53 FE 2F 1B 53 3B 92 D8 3B 1D 53
3D 90 20 00 18 34 0C 12 C1 4D 00 00 3C 41 7C 50
80 00 B0 12 9C 1B 00 3C 3F 40 83 00 3F 53 FE 2F
7C 40 88 00 B0 12 9C 1B 00 3C 3F 40 83 00 3F 53
FE 2F 0B 43 E2 3F 3B 41 3A 41 30 41 7C 40 30 00
B0 12 9C 1B 3F 40 69 0A 3F 53 FE 2F 7C 40 30 00
B0 12 9C 1B 3F 40 69 0A 3F 53 FE 2F 7C 40 0C 00
B0 12 9C 1B 3F 40 69 0A 3F 53 FE 2F 5C 43 B0 12
9C 1B 3F 40 69 0A 3F 53 FE 2F 30 41 F2 C0 80 00
57 00 F2 D0 88 00 58 00 E2 C3 02 00 4E 43 02 3C
03 43 5E 53 7E 90 64 00 FB 2B E2 B3 02 00 F4 2F
E2 C3 02 00 30 41 F2 D0 20 00 31 00 F2 C0 40 00
31 00 F2 D0 80 00 31 00 C2 4C 1D 00 3F 40 19 00
3F 53 FE 2F F2 C0 80 00 31 00 30 41 F2 C0 20 00
31 00 F2 C0 40 00 31 00 F2 D0 80 00 31 00 C2 4C
1D 00 3F 40 19 00 3F 53 FE 2F F2 C0 80 00 31 00
30 41 C2 43 1F 00 F2 43 1E 00 C2 43 33 00 F2 D0
E3 00 32 00 D2 D3 31 00 E2 D3 31 00 30 41 0A 12
21 83 0A 4C 81 4A 00 00 0D 41 5C 43 B0 12 12 1C
F9 3F 5C 43 B0 12 9C 1B 3F 40 69 0A 3F 53 FE 2F
30 41 B2 40 80 5A 20 01 30 41 30 40 DE 1B 30 40
0A 1C 30 41 
@FFFE
10 19 
q
